(kicad_pcb (version 20171130) (host pcbnew "(5.1.10-1-10_14)")

  (general
    (thickness 1.6)
    (drawings 101)
    (tracks 933)
    (zones 0)
    (modules 103)
    (nets 72)
  )

  (page A4 portrait)
  (title_block
    (date 2021-05-08)
  )

  (layers
    (0 F.Cu signal)
    (31 B.Cu signal)
    (33 F.Adhes user hide)
    (34 B.Paste user)
    (35 F.Paste user hide)
    (36 B.SilkS user)
    (37 F.SilkS user)
    (38 B.Mask user hide)
    (39 F.Mask user hide)
    (40 Dwgs.User user)
    (41 Cmts.User user)
    (42 Eco1.User user)
    (43 Eco2.User user)
    (44 Edge.Cuts user)
    (45 Margin user hide)
    (46 B.CrtYd user hide)
    (47 F.CrtYd user hide)
    (49 F.Fab user hide)
  )

  (setup
    (last_trace_width 0.25)
    (trace_clearance 0.2)
    (zone_clearance 0.508)
    (zone_45_only no)
    (trace_min 0.2)
    (via_size 0.8)
    (via_drill 0.4)
    (via_min_size 0.4)
    (via_min_drill 0.3)
    (uvia_size 0.3)
    (uvia_drill 0.1)
    (uvias_allowed no)
    (uvia_min_size 0.2)
    (uvia_min_drill 0.1)
    (edge_width 0.05)
    (segment_width 0.2)
    (pcb_text_width 0.3)
    (pcb_text_size 1.5 1.5)
    (mod_edge_width 0.12)
    (mod_text_size 1 1)
    (mod_text_width 0.15)
    (pad_size 5 5)
    (pad_drill 2.85)
    (pad_to_mask_clearance 0)
    (aux_axis_origin 0 0)
    (grid_origin 54.864 54.61)
    (visible_elements FFFFFFFF)
    (pcbplotparams
      (layerselection 0x010fc_ffffffff)
      (usegerberextensions true)
      (usegerberattributes true)
      (usegerberadvancedattributes true)
      (creategerberjobfile true)
      (excludeedgelayer true)
      (linewidth 0.100000)
      (plotframeref false)
      (viasonmask false)
      (mode 1)
      (useauxorigin false)
      (hpglpennumber 1)
      (hpglpenspeed 20)
      (hpglpendiameter 15.000000)
      (psnegative false)
      (psa4output false)
      (plotreference true)
      (plotvalue true)
      (plotinvisibletext false)
      (padsonsilk false)
      (subtractmaskfromsilk false)
      (outputformat 1)
      (mirror false)
      (drillshape 0)
      (scaleselection 1)
      (outputdirectory "gerbers"))
  )

  (net 0 "")
  (net 1 ROW0)
  (net 2 "Net-(D1-Pad2)")
  (net 3 ROW1)
  (net 4 "Net-(D2-Pad2)")
  (net 5 ROW2)
  (net 6 "Net-(D3-Pad2)")
  (net 7 ROW3)
  (net 8 "Net-(D4-Pad2)")
  (net 9 "Net-(D5-Pad2)")
  (net 10 ROW4)
  (net 11 "Net-(D6-Pad2)")
  (net 12 ROW5)
  (net 13 "Net-(D7-Pad2)")
  (net 14 ROW6)
  (net 15 "Net-(D8-Pad2)")
  (net 16 ROW7)
  (net 17 "Net-(D9-Pad2)")
  (net 18 "Net-(D10-Pad2)")
  (net 19 "Net-(D11-Pad2)")
  (net 20 "Net-(D12-Pad2)")
  (net 21 "Net-(D13-Pad2)")
  (net 22 "Net-(D14-Pad2)")
  (net 23 "Net-(D15-Pad2)")
  (net 24 "Net-(D16-Pad2)")
  (net 25 "Net-(D17-Pad2)")
  (net 26 "Net-(D18-Pad2)")
  (net 27 "Net-(D19-Pad2)")
  (net 28 "Net-(D21-Pad2)")
  (net 29 "Net-(D22-Pad2)")
  (net 30 "Net-(D23-Pad2)")
  (net 31 COL2)
  (net 32 COL0)
  (net 33 COL1)
  (net 34 "Net-(C1-Pad1)")
  (net 35 GND)
  (net 36 +5V)
  (net 37 SCL)
  (net 38 +3V3)
  (net 39 ROW1_RHK)
  (net 40 ROW2_RHK)
  (net 41 ROW0_LHP)
  (net 42 ROW1_LHP)
  (net 43 ROW2_LHP)
  (net 44 COL0_RHK)
  (net 45 COL2_LHP)
  (net 46 UART_TXD)
  (net 47 UART_RXD)
  (net 48 ROW3_RHK)
  (net 49 "Net-(C4-Pad2)")
  (net 50 "Net-(C4-Pad1)")
  (net 51 "Net-(C5-Pad2)")
  (net 52 "Net-(C5-Pad1)")
  (net 53 "Net-(C6-Pad2)")
  (net 54 "Net-(C6-Pad1)")
  (net 55 "Net-(C7-Pad2)")
  (net 56 "Net-(C7-Pad1)")
  (net 57 "Net-(C8-Pad2)")
  (net 58 "Net-(C8-Pad1)")
  (net 59 "Net-(C9-Pad2)")
  (net 60 "Net-(C9-Pad1)")
  (net 61 GNDA)
  (net 62 +3.3VA)
  (net 63 "Net-(C12-Pad1)")
  (net 64 "Net-(C13-Pad1)")
  (net 65 "Net-(C14-Pad1)")
  (net 66 MCLK)
  (net 67 SDA)
  (net 68 I2S_BCLK)
  (net 69 I2S_LRC)
  (net 70 I2S_DIN)
  (net 71 I2S_DOUT)

  (net_class Default "This is the default net class."
    (clearance 0.2)
    (trace_width 0.25)
    (via_dia 0.8)
    (via_drill 0.4)
    (uvia_dia 0.3)
    (uvia_drill 0.1)
    (add_net +3.3VA)
    (add_net +3V3)
    (add_net +5V)
    (add_net COL0)
    (add_net COL0_RHK)
    (add_net COL1)
    (add_net COL2)
    (add_net COL2_LHP)
    (add_net GND)
    (add_net GNDA)
    (add_net I2S_BCLK)
    (add_net I2S_DIN)
    (add_net I2S_DOUT)
    (add_net I2S_LRC)
    (add_net MCLK)
    (add_net "Net-(C1-Pad1)")
    (add_net "Net-(C12-Pad1)")
    (add_net "Net-(C13-Pad1)")
    (add_net "Net-(C14-Pad1)")
    (add_net "Net-(C4-Pad1)")
    (add_net "Net-(C4-Pad2)")
    (add_net "Net-(C5-Pad1)")
    (add_net "Net-(C5-Pad2)")
    (add_net "Net-(C6-Pad1)")
    (add_net "Net-(C6-Pad2)")
    (add_net "Net-(C7-Pad1)")
    (add_net "Net-(C7-Pad2)")
    (add_net "Net-(C8-Pad1)")
    (add_net "Net-(C8-Pad2)")
    (add_net "Net-(C9-Pad1)")
    (add_net "Net-(C9-Pad2)")
    (add_net "Net-(D1-Pad2)")
    (add_net "Net-(D10-Pad2)")
    (add_net "Net-(D11-Pad2)")
    (add_net "Net-(D12-Pad2)")
    (add_net "Net-(D13-Pad2)")
    (add_net "Net-(D14-Pad2)")
    (add_net "Net-(D15-Pad2)")
    (add_net "Net-(D16-Pad2)")
    (add_net "Net-(D17-Pad2)")
    (add_net "Net-(D18-Pad2)")
    (add_net "Net-(D19-Pad2)")
    (add_net "Net-(D2-Pad2)")
    (add_net "Net-(D21-Pad2)")
    (add_net "Net-(D22-Pad2)")
    (add_net "Net-(D23-Pad2)")
    (add_net "Net-(D3-Pad2)")
    (add_net "Net-(D4-Pad2)")
    (add_net "Net-(D5-Pad2)")
    (add_net "Net-(D6-Pad2)")
    (add_net "Net-(D7-Pad2)")
    (add_net "Net-(D8-Pad2)")
    (add_net "Net-(D9-Pad2)")
    (add_net ROW0)
    (add_net ROW0_LHP)
    (add_net ROW1)
    (add_net ROW1_LHP)
    (add_net ROW1_RHK)
    (add_net ROW2)
    (add_net ROW2_LHP)
    (add_net ROW2_RHK)
    (add_net ROW3)
    (add_net ROW3_RHK)
    (add_net ROW4)
    (add_net ROW5)
    (add_net ROW6)
    (add_net ROW7)
    (add_net SCL)
    (add_net SDA)
    (add_net UART_RXD)
    (add_net UART_TXD)
  )

  (module haxo001:C18594 locked (layer B.Cu) (tedit 60E48BD7) (tstamp 60E185D6)
    (at 55.682 248.666)
    (path /60F0AE4A)
    (attr smd)
    (fp_text reference J5 (at -0.392 -3.866) (layer B.SilkS)
      (effects (font (size 1 1) (thickness 0.15)) (justify mirror))
    )
    (fp_text value "Line Out" (at -0.056 -7.228) (layer B.SilkS)
      (effects (font (size 1 1) (thickness 0.15)) (justify mirror))
    )
    (fp_poly (pts (xy -2.5 5.6) (xy -2.5 8.6) (xy 2.5 8.6) (xy 2.5 5.6)) (layer B.SilkS) (width 0.1))
    (fp_line (start 3 -5.4) (end -3 -5.4) (layer B.SilkS) (width 0.12))
    (fp_line (start -3 -5.4) (end -3 5.6) (layer B.SilkS) (width 0.12))
    (fp_line (start -3 5.6) (end 3 5.6) (layer B.SilkS) (width 0.12))
    (fp_line (start 3 5.6) (end 3 -2.4) (layer B.SilkS) (width 0.12))
    (fp_line (start 3 -4.4) (end 2 -4.4) (layer B.SilkS) (width 0.12))
    (fp_line (start 2 -4.4) (end 2 -2.4) (layer B.SilkS) (width 0.12))
    (fp_line (start 2 -2.4) (end 3 -2.4) (layer B.SilkS) (width 0.12))
    (fp_line (start 3 -4.4) (end 3 -5.4) (layer B.SilkS) (width 0.12))
    (fp_line (start 2.5 5.6) (end 2.5 8.6) (layer B.SilkS) (width 0.12))
    (fp_line (start 2.5 8.6) (end -2.5 8.6) (layer B.SilkS) (width 0.12))
    (fp_line (start -2.5 8.6) (end -2.5 5.6) (layer B.SilkS) (width 0.12))
    (pad T smd rect (at -3.5 -3.5 90) (size 1.5 4) (layers B.Cu B.Paste B.Mask)
      (net 59 "Net-(C9-Pad2)"))
    (pad R smd rect (at 3.5 1.5 90) (size 1.5 4) (layers B.Cu B.Paste B.Mask)
      (net 57 "Net-(C8-Pad2)"))
    (pad S smd rect (at -3.5 3.5 90) (size 1.5 4) (layers B.Cu B.Paste B.Mask)
      (net 55 "Net-(C7-Pad2)"))
    (pad "" np_thru_hole circle (at 0 -2.4 90) (size 1.2 1.2) (drill 1.2) (layers *.Cu *.Mask))
    (pad "" np_thru_hole circle (at 0 3.6 90) (size 1.2 1.2) (drill 1.2) (layers *.Cu *.Mask))
    (model ./models/C18166-Part.step
      (offset (xyz 0 -0.5 0))
      (scale (xyz 1 1 1))
      (rotate (xyz 0 0 90))
    )
  )

  (module haxo001:C18594 locked (layer B.Cu) (tedit 60E48BD7) (tstamp 60E19AD4)
    (at 43.942 248.666)
    (path /60EBEF42)
    (attr smd)
    (fp_text reference J2 (at -0.254 -3.81) (layer B.SilkS)
      (effects (font (size 1 1) (thickness 0.15)) (justify mirror))
    )
    (fp_text value Headphones (at -0.254 -7.112) (layer B.SilkS)
      (effects (font (size 1 1) (thickness 0.15)) (justify mirror))
    )
    (fp_poly (pts (xy -2.5 5.6) (xy -2.5 8.6) (xy 2.5 8.6) (xy 2.5 5.6)) (layer B.SilkS) (width 0.1))
    (fp_line (start 3 -5.4) (end -3 -5.4) (layer B.SilkS) (width 0.12))
    (fp_line (start -3 -5.4) (end -3 5.6) (layer B.SilkS) (width 0.12))
    (fp_line (start -3 5.6) (end 3 5.6) (layer B.SilkS) (width 0.12))
    (fp_line (start 3 5.6) (end 3 -2.4) (layer B.SilkS) (width 0.12))
    (fp_line (start 3 -4.4) (end 2 -4.4) (layer B.SilkS) (width 0.12))
    (fp_line (start 2 -4.4) (end 2 -2.4) (layer B.SilkS) (width 0.12))
    (fp_line (start 2 -2.4) (end 3 -2.4) (layer B.SilkS) (width 0.12))
    (fp_line (start 3 -4.4) (end 3 -5.4) (layer B.SilkS) (width 0.12))
    (fp_line (start 2.5 5.6) (end 2.5 8.6) (layer B.SilkS) (width 0.12))
    (fp_line (start 2.5 8.6) (end -2.5 8.6) (layer B.SilkS) (width 0.12))
    (fp_line (start -2.5 8.6) (end -2.5 5.6) (layer B.SilkS) (width 0.12))
    (pad T smd rect (at -3.5 -3.5 90) (size 1.5 4) (layers B.Cu B.Paste B.Mask)
      (net 53 "Net-(C6-Pad2)"))
    (pad R smd rect (at 3.5 1.5 90) (size 1.5 4) (layers B.Cu B.Paste B.Mask)
      (net 51 "Net-(C5-Pad2)"))
    (pad S smd rect (at -3.5 3.5 90) (size 1.5 4) (layers B.Cu B.Paste B.Mask)
      (net 49 "Net-(C4-Pad2)"))
    (pad "" np_thru_hole circle (at 0 -2.4 90) (size 1.2 1.2) (drill 1.2) (layers *.Cu *.Mask))
    (pad "" np_thru_hole circle (at 0 3.6 90) (size 1.2 1.2) (drill 1.2) (layers *.Cu *.Mask))
    (model ./models/C18166-Part.step
      (offset (xyz 0 -0.5 0))
      (scale (xyz 1 1 1))
      (rotate (xyz 0 0 90))
    )
  )

  (module Capacitor_SMD:C_Elec_6.3x7.7 locked (layer B.Cu) (tedit 5BC8D926) (tstamp 60E424B3)
    (at 48.006 237.236 180)
    (descr "SMD capacitor, aluminum electrolytic nonpolar, 6.3x7.7mm")
    (tags "capacitor electrolyic nonpolar")
    (path /60E48E20)
    (attr smd)
    (fp_text reference C6 (at 0 4.35) (layer B.SilkS)
      (effects (font (size 1 1) (thickness 0.15)) (justify mirror))
    )
    (fp_text value 220uF (at 0 -4.35) (layer B.Fab)
      (effects (font (size 1 1) (thickness 0.15)) (justify mirror))
    )
    (fp_line (start -4.45 -1.05) (end -3.55 -1.05) (layer B.CrtYd) (width 0.05))
    (fp_line (start -4.45 1.05) (end -4.45 -1.05) (layer B.CrtYd) (width 0.05))
    (fp_line (start -3.55 1.05) (end -4.45 1.05) (layer B.CrtYd) (width 0.05))
    (fp_line (start -3.55 -1.05) (end -3.55 -2.4) (layer B.CrtYd) (width 0.05))
    (fp_line (start -3.55 2.4) (end -3.55 1.05) (layer B.CrtYd) (width 0.05))
    (fp_line (start -3.55 2.4) (end -2.4 3.55) (layer B.CrtYd) (width 0.05))
    (fp_line (start -3.55 -2.4) (end -2.4 -3.55) (layer B.CrtYd) (width 0.05))
    (fp_line (start -2.4 3.55) (end 3.55 3.55) (layer B.CrtYd) (width 0.05))
    (fp_line (start -2.4 -3.55) (end 3.55 -3.55) (layer B.CrtYd) (width 0.05))
    (fp_line (start 3.55 -1.05) (end 3.55 -3.55) (layer B.CrtYd) (width 0.05))
    (fp_line (start 4.45 -1.05) (end 3.55 -1.05) (layer B.CrtYd) (width 0.05))
    (fp_line (start 4.45 1.05) (end 4.45 -1.05) (layer B.CrtYd) (width 0.05))
    (fp_line (start 3.55 1.05) (end 4.45 1.05) (layer B.CrtYd) (width 0.05))
    (fp_line (start 3.55 3.55) (end 3.55 1.05) (layer B.CrtYd) (width 0.05))
    (fp_line (start -3.41 -2.345563) (end -2.345563 -3.41) (layer B.SilkS) (width 0.12))
    (fp_line (start -3.41 2.345563) (end -2.345563 3.41) (layer B.SilkS) (width 0.12))
    (fp_line (start -3.41 2.345563) (end -3.41 1.06) (layer B.SilkS) (width 0.12))
    (fp_line (start -3.41 -2.345563) (end -3.41 -1.06) (layer B.SilkS) (width 0.12))
    (fp_line (start -2.345563 -3.41) (end 3.41 -3.41) (layer B.SilkS) (width 0.12))
    (fp_line (start -2.345563 3.41) (end 3.41 3.41) (layer B.SilkS) (width 0.12))
    (fp_line (start 3.41 3.41) (end 3.41 1.06) (layer B.SilkS) (width 0.12))
    (fp_line (start 3.41 -3.41) (end 3.41 -1.06) (layer B.SilkS) (width 0.12))
    (fp_line (start -3.3 -2.3) (end -2.3 -3.3) (layer B.Fab) (width 0.1))
    (fp_line (start -3.3 2.3) (end -2.3 3.3) (layer B.Fab) (width 0.1))
    (fp_line (start -3.3 2.3) (end -3.3 -2.3) (layer B.Fab) (width 0.1))
    (fp_line (start -2.3 -3.3) (end 3.3 -3.3) (layer B.Fab) (width 0.1))
    (fp_line (start -2.3 3.3) (end 3.3 3.3) (layer B.Fab) (width 0.1))
    (fp_line (start 3.3 3.3) (end 3.3 -3.3) (layer B.Fab) (width 0.1))
    (fp_circle (center 0 0) (end 3.15 0) (layer B.Fab) (width 0.1))
    (fp_text user %R (at 0 0) (layer B.Fab)
      (effects (font (size 1 1) (thickness 0.15)) (justify mirror))
    )
    (pad 2 smd roundrect (at 2.5375 0 180) (size 3.325 1.6) (layers B.Cu B.Paste B.Mask) (roundrect_rratio 0.15625)
      (net 53 "Net-(C6-Pad2)"))
    (pad 1 smd roundrect (at -2.5375 0 180) (size 3.325 1.6) (layers B.Cu B.Paste B.Mask) (roundrect_rratio 0.15625)
      (net 54 "Net-(C6-Pad1)"))
    (model ${KISYS3DMOD}/Capacitor_SMD.3dshapes/C_Elec_6.3x7.7.wrl
      (at (xyz 0 0 0))
      (scale (xyz 1 1 1))
      (rotate (xyz 0 0 0))
    )
  )

  (module Capacitor_SMD:C_Elec_6.3x7.7 locked (layer B.Cu) (tedit 5BC8D926) (tstamp 60E414B1)
    (at 57.658 237.236 180)
    (descr "SMD capacitor, aluminum electrolytic nonpolar, 6.3x7.7mm")
    (tags "capacitor electrolyic nonpolar")
    (path /60E49CE2)
    (attr smd)
    (fp_text reference C5 (at 0 4.35) (layer B.SilkS)
      (effects (font (size 1 1) (thickness 0.15)) (justify mirror))
    )
    (fp_text value 220uF (at 0 -4.35) (layer B.Fab)
      (effects (font (size 1 1) (thickness 0.15)) (justify mirror))
    )
    (fp_line (start -4.45 -1.05) (end -3.55 -1.05) (layer B.CrtYd) (width 0.05))
    (fp_line (start -4.45 1.05) (end -4.45 -1.05) (layer B.CrtYd) (width 0.05))
    (fp_line (start -3.55 1.05) (end -4.45 1.05) (layer B.CrtYd) (width 0.05))
    (fp_line (start -3.55 -1.05) (end -3.55 -2.4) (layer B.CrtYd) (width 0.05))
    (fp_line (start -3.55 2.4) (end -3.55 1.05) (layer B.CrtYd) (width 0.05))
    (fp_line (start -3.55 2.4) (end -2.4 3.55) (layer B.CrtYd) (width 0.05))
    (fp_line (start -3.55 -2.4) (end -2.4 -3.55) (layer B.CrtYd) (width 0.05))
    (fp_line (start -2.4 3.55) (end 3.55 3.55) (layer B.CrtYd) (width 0.05))
    (fp_line (start -2.4 -3.55) (end 3.55 -3.55) (layer B.CrtYd) (width 0.05))
    (fp_line (start 3.55 -1.05) (end 3.55 -3.55) (layer B.CrtYd) (width 0.05))
    (fp_line (start 4.45 -1.05) (end 3.55 -1.05) (layer B.CrtYd) (width 0.05))
    (fp_line (start 4.45 1.05) (end 4.45 -1.05) (layer B.CrtYd) (width 0.05))
    (fp_line (start 3.55 1.05) (end 4.45 1.05) (layer B.CrtYd) (width 0.05))
    (fp_line (start 3.55 3.55) (end 3.55 1.05) (layer B.CrtYd) (width 0.05))
    (fp_line (start -3.41 -2.345563) (end -2.345563 -3.41) (layer B.SilkS) (width 0.12))
    (fp_line (start -3.41 2.345563) (end -2.345563 3.41) (layer B.SilkS) (width 0.12))
    (fp_line (start -3.41 2.345563) (end -3.41 1.06) (layer B.SilkS) (width 0.12))
    (fp_line (start -3.41 -2.345563) (end -3.41 -1.06) (layer B.SilkS) (width 0.12))
    (fp_line (start -2.345563 -3.41) (end 3.41 -3.41) (layer B.SilkS) (width 0.12))
    (fp_line (start -2.345563 3.41) (end 3.41 3.41) (layer B.SilkS) (width 0.12))
    (fp_line (start 3.41 3.41) (end 3.41 1.06) (layer B.SilkS) (width 0.12))
    (fp_line (start 3.41 -3.41) (end 3.41 -1.06) (layer B.SilkS) (width 0.12))
    (fp_line (start -3.3 -2.3) (end -2.3 -3.3) (layer B.Fab) (width 0.1))
    (fp_line (start -3.3 2.3) (end -2.3 3.3) (layer B.Fab) (width 0.1))
    (fp_line (start -3.3 2.3) (end -3.3 -2.3) (layer B.Fab) (width 0.1))
    (fp_line (start -2.3 -3.3) (end 3.3 -3.3) (layer B.Fab) (width 0.1))
    (fp_line (start -2.3 3.3) (end 3.3 3.3) (layer B.Fab) (width 0.1))
    (fp_line (start 3.3 3.3) (end 3.3 -3.3) (layer B.Fab) (width 0.1))
    (fp_circle (center 0 0) (end 3.15 0) (layer B.Fab) (width 0.1))
    (fp_text user %R (at 0 0) (layer B.Fab)
      (effects (font (size 1 1) (thickness 0.15)) (justify mirror))
    )
    (pad 2 smd roundrect (at 2.5375 0 180) (size 3.325 1.6) (layers B.Cu B.Paste B.Mask) (roundrect_rratio 0.15625)
      (net 51 "Net-(C5-Pad2)"))
    (pad 1 smd roundrect (at -2.5375 0 180) (size 3.325 1.6) (layers B.Cu B.Paste B.Mask) (roundrect_rratio 0.15625)
      (net 52 "Net-(C5-Pad1)"))
    (model ${KISYS3DMOD}/Capacitor_SMD.3dshapes/C_Elec_6.3x7.7.wrl
      (at (xyz 0 0 0))
      (scale (xyz 1 1 1))
      (rotate (xyz 0 0 0))
    )
  )

  (module MountingHole:MountingHole_3.2mm_M3_DIN965_Pad locked (layer F.Cu) (tedit 56D1B4CB) (tstamp 60E20BE3)
    (at 47.4568 155.828)
    (descr "Mounting Hole 3.2mm, M3, DIN965")
    (tags "mounting hole 3.2mm m3 din965")
    (path /60A8812F)
    (attr virtual)
    (fp_text reference H8 (at 0 -3.8) (layer F.SilkS)
      (effects (font (size 1 1) (thickness 0.15)))
    )
    (fp_text value MountingHole (at 0 3.8) (layer F.Fab)
      (effects (font (size 1 1) (thickness 0.15)))
    )
    (fp_circle (center 0 0) (end 3.05 0) (layer F.CrtYd) (width 0.05))
    (fp_circle (center 0 0) (end 2.8 0) (layer Cmts.User) (width 0.15))
    (fp_text user %R (at 0.3 0) (layer F.Fab)
      (effects (font (size 1 1) (thickness 0.15)))
    )
    (pad 1 thru_hole circle (at 0 0) (size 5.6 5.6) (drill 3.2) (layers *.Cu *.Mask))
  )

  (module MountingHole:MountingHole_3.2mm_M3_DIN965_Pad locked (layer F.Cu) (tedit 56D1B4CB) (tstamp 60E20BD4)
    (at 47.4568 123.316)
    (descr "Mounting Hole 3.2mm, M3, DIN965")
    (tags "mounting hole 3.2mm m3 din965")
    (path /60A875A2)
    (attr virtual)
    (fp_text reference H5 (at 0 -3.8) (layer F.SilkS)
      (effects (font (size 1 1) (thickness 0.15)))
    )
    (fp_text value MountingHole (at 0 3.8) (layer F.Fab)
      (effects (font (size 1 1) (thickness 0.15)))
    )
    (fp_circle (center 0 0) (end 3.05 0) (layer F.CrtYd) (width 0.05))
    (fp_circle (center 0 0) (end 2.8 0) (layer Cmts.User) (width 0.15))
    (fp_text user %R (at 0.3 0) (layer F.Fab)
      (effects (font (size 1 1) (thickness 0.15)))
    )
    (pad 1 thru_hole circle (at 0 0) (size 5.6 5.6) (drill 3.2) (layers *.Cu *.Mask))
  )

  (module MountingHole:MountingHole_3.2mm_M3_DIN965_Pad locked (layer F.Cu) (tedit 56D1B4CB) (tstamp 60E20BCD)
    (at 108.204 236.169 270)
    (descr "Mounting Hole 3.2mm, M3, DIN965")
    (tags "mounting hole 3.2mm m3 din965")
    (path /60A87081)
    (attr virtual)
    (fp_text reference H3 (at 0 -3.8 90) (layer F.SilkS)
      (effects (font (size 1 1) (thickness 0.15)))
    )
    (fp_text value MountingHole (at 0 3.8 90) (layer F.Fab)
      (effects (font (size 1 1) (thickness 0.15)))
    )
    (fp_circle (center 0 0) (end 3.05 0) (layer F.CrtYd) (width 0.05))
    (fp_circle (center 0 0) (end 2.8 0) (layer Cmts.User) (width 0.15))
    (fp_text user %R (at 0.3 0 90) (layer F.Fab)
      (effects (font (size 1 1) (thickness 0.15)))
    )
    (pad 1 thru_hole circle (at 0 0 270) (size 5.6 5.6) (drill 3.2) (layers *.Cu *.Mask))
  )

  (module MountingHole:MountingHole_3.2mm_M3_DIN965_Pad locked (layer F.Cu) (tedit 56D1B4CB) (tstamp 60E20BC6)
    (at 75.692 236.169 270)
    (descr "Mounting Hole 3.2mm, M3, DIN965")
    (tags "mounting hole 3.2mm m3 din965")
    (path /60A86AD7)
    (attr virtual)
    (fp_text reference H1 (at 0 -3.8 90) (layer F.SilkS)
      (effects (font (size 1 1) (thickness 0.15)))
    )
    (fp_text value MountingHole (at 0 3.8 90) (layer F.Fab)
      (effects (font (size 1 1) (thickness 0.15)))
    )
    (fp_circle (center 0 0) (end 3.05 0) (layer F.CrtYd) (width 0.05))
    (fp_circle (center 0 0) (end 2.8 0) (layer Cmts.User) (width 0.15))
    (fp_text user %R (at 0.3 0 90) (layer F.Fab)
      (effects (font (size 1 1) (thickness 0.15)))
    )
    (pad 1 thru_hole circle (at 0 0 270) (size 5.6 5.6) (drill 3.2) (layers *.Cu *.Mask))
  )

  (module Capacitor_SMD:C_0603_1608Metric locked (layer B.Cu) (tedit 5F68FEEE) (tstamp 60E20BB6)
    (at 104.394 73.66 90)
    (descr "Capacitor SMD 0603 (1608 Metric), square (rectangular) end terminal, IPC_7351 nominal, (Body size source: IPC-SM-782 page 76, https://www.pcb-3d.com/wordpress/wp-content/uploads/ipc-sm-782a_amendment_1_and_2.pdf), generated with kicad-footprint-generator")
    (tags capacitor)
    (path /60A665AB)
    (attr smd)
    (fp_text reference C1 (at 0 1.43 90) (layer B.SilkS)
      (effects (font (size 1 1) (thickness 0.15)) (justify mirror))
    )
    (fp_text value 470pF (at 0 -1.43 90) (layer B.Fab)
      (effects (font (size 1 1) (thickness 0.15)) (justify mirror))
    )
    (fp_line (start 1.48 -0.73) (end -1.48 -0.73) (layer B.CrtYd) (width 0.05))
    (fp_line (start 1.48 0.73) (end 1.48 -0.73) (layer B.CrtYd) (width 0.05))
    (fp_line (start -1.48 0.73) (end 1.48 0.73) (layer B.CrtYd) (width 0.05))
    (fp_line (start -1.48 -0.73) (end -1.48 0.73) (layer B.CrtYd) (width 0.05))
    (fp_line (start -0.14058 -0.51) (end 0.14058 -0.51) (layer B.SilkS) (width 0.12))
    (fp_line (start -0.14058 0.51) (end 0.14058 0.51) (layer B.SilkS) (width 0.12))
    (fp_line (start 0.8 -0.4) (end -0.8 -0.4) (layer B.Fab) (width 0.1))
    (fp_line (start 0.8 0.4) (end 0.8 -0.4) (layer B.Fab) (width 0.1))
    (fp_line (start -0.8 0.4) (end 0.8 0.4) (layer B.Fab) (width 0.1))
    (fp_line (start -0.8 -0.4) (end -0.8 0.4) (layer B.Fab) (width 0.1))
    (fp_text user %R (at 0 0 90) (layer B.Fab)
      (effects (font (size 0.4 0.4) (thickness 0.06)) (justify mirror))
    )
    (pad 2 smd roundrect (at 0.775 0 90) (size 0.9 0.95) (layers B.Cu B.Paste B.Mask) (roundrect_rratio 0.25)
      (net 35 GND))
    (pad 1 smd roundrect (at -0.775 0 90) (size 0.9 0.95) (layers B.Cu B.Paste B.Mask) (roundrect_rratio 0.25)
      (net 34 "Net-(C1-Pad1)"))
    (model ${KISYS3DMOD}/Capacitor_SMD.3dshapes/C_0603_1608Metric.wrl
      (at (xyz 0 0 0))
      (scale (xyz 1 1 1))
      (rotate (xyz 0 0 0))
    )
  )

  (module Capacitor_SMD:C_0603_1608Metric locked (layer B.Cu) (tedit 5F68FEEE) (tstamp 60E18AB9)
    (at 36.83 234.074 90)
    (descr "Capacitor SMD 0603 (1608 Metric), square (rectangular) end terminal, IPC_7351 nominal, (Body size source: IPC-SM-782 page 76, https://www.pcb-3d.com/wordpress/wp-content/uploads/ipc-sm-782a_amendment_1_and_2.pdf), generated with kicad-footprint-generator")
    (tags capacitor)
    (path /6127F156)
    (attr smd)
    (fp_text reference C17 (at -2.908 0.254 90) (layer B.SilkS)
      (effects (font (size 1 1) (thickness 0.15)) (justify mirror))
    )
    (fp_text value 0.1uF (at 0 -1.43 90) (layer B.Fab)
      (effects (font (size 1 1) (thickness 0.15)) (justify mirror))
    )
    (fp_line (start -0.8 -0.4) (end -0.8 0.4) (layer B.Fab) (width 0.1))
    (fp_line (start -0.8 0.4) (end 0.8 0.4) (layer B.Fab) (width 0.1))
    (fp_line (start 0.8 0.4) (end 0.8 -0.4) (layer B.Fab) (width 0.1))
    (fp_line (start 0.8 -0.4) (end -0.8 -0.4) (layer B.Fab) (width 0.1))
    (fp_line (start -0.14058 0.51) (end 0.14058 0.51) (layer B.SilkS) (width 0.12))
    (fp_line (start -0.14058 -0.51) (end 0.14058 -0.51) (layer B.SilkS) (width 0.12))
    (fp_line (start -1.48 -0.73) (end -1.48 0.73) (layer B.CrtYd) (width 0.05))
    (fp_line (start -1.48 0.73) (end 1.48 0.73) (layer B.CrtYd) (width 0.05))
    (fp_line (start 1.48 0.73) (end 1.48 -0.73) (layer B.CrtYd) (width 0.05))
    (fp_line (start 1.48 -0.73) (end -1.48 -0.73) (layer B.CrtYd) (width 0.05))
    (fp_text user %R (at 0 0 90) (layer B.Fab)
      (effects (font (size 0.4 0.4) (thickness 0.06)) (justify mirror))
    )
    (pad 2 smd roundrect (at 0.775 0 90) (size 0.9 0.95) (layers B.Cu B.Paste B.Mask) (roundrect_rratio 0.25)
      (net 61 GNDA))
    (pad 1 smd roundrect (at -0.775 0 90) (size 0.9 0.95) (layers B.Cu B.Paste B.Mask) (roundrect_rratio 0.25)
      (net 62 +3.3VA))
    (model ${KISYS3DMOD}/Capacitor_SMD.3dshapes/C_0603_1608Metric.wrl
      (at (xyz 0 0 0))
      (scale (xyz 1 1 1))
      (rotate (xyz 0 0 0))
    )
  )

  (module Capacitor_SMD:C_0603_1608Metric locked (layer B.Cu) (tedit 5F68FEEE) (tstamp 60E1DA92)
    (at 38.354 234.061 90)
    (descr "Capacitor SMD 0603 (1608 Metric), square (rectangular) end terminal, IPC_7351 nominal, (Body size source: IPC-SM-782 page 76, https://www.pcb-3d.com/wordpress/wp-content/uploads/ipc-sm-782a_amendment_1_and_2.pdf), generated with kicad-footprint-generator")
    (tags capacitor)
    (path /6127F14C)
    (attr smd)
    (fp_text reference C16 (at -2.921 0.254 90) (layer B.SilkS)
      (effects (font (size 1 1) (thickness 0.15)) (justify mirror))
    )
    (fp_text value 10uF (at 0 -1.43 90) (layer B.Fab)
      (effects (font (size 1 1) (thickness 0.15)) (justify mirror))
    )
    (fp_line (start -0.8 -0.4) (end -0.8 0.4) (layer B.Fab) (width 0.1))
    (fp_line (start -0.8 0.4) (end 0.8 0.4) (layer B.Fab) (width 0.1))
    (fp_line (start 0.8 0.4) (end 0.8 -0.4) (layer B.Fab) (width 0.1))
    (fp_line (start 0.8 -0.4) (end -0.8 -0.4) (layer B.Fab) (width 0.1))
    (fp_line (start -0.14058 0.51) (end 0.14058 0.51) (layer B.SilkS) (width 0.12))
    (fp_line (start -0.14058 -0.51) (end 0.14058 -0.51) (layer B.SilkS) (width 0.12))
    (fp_line (start -1.48 -0.73) (end -1.48 0.73) (layer B.CrtYd) (width 0.05))
    (fp_line (start -1.48 0.73) (end 1.48 0.73) (layer B.CrtYd) (width 0.05))
    (fp_line (start 1.48 0.73) (end 1.48 -0.73) (layer B.CrtYd) (width 0.05))
    (fp_line (start 1.48 -0.73) (end -1.48 -0.73) (layer B.CrtYd) (width 0.05))
    (fp_text user %R (at 0 0 90) (layer B.Fab)
      (effects (font (size 0.4 0.4) (thickness 0.06)) (justify mirror))
    )
    (pad 2 smd roundrect (at 0.775 0 90) (size 0.9 0.95) (layers B.Cu B.Paste B.Mask) (roundrect_rratio 0.25)
      (net 61 GNDA))
    (pad 1 smd roundrect (at -0.775 0 90) (size 0.9 0.95) (layers B.Cu B.Paste B.Mask) (roundrect_rratio 0.25)
      (net 62 +3.3VA))
    (model ${KISYS3DMOD}/Capacitor_SMD.3dshapes/C_0603_1608Metric.wrl
      (at (xyz 0 0 0))
      (scale (xyz 1 1 1))
      (rotate (xyz 0 0 0))
    )
  )

  (module Capacitor_SMD:C_0603_1608Metric locked (layer B.Cu) (tedit 5F68FEEE) (tstamp 60E1D368)
    (at 35.687 214.897 270)
    (descr "Capacitor SMD 0603 (1608 Metric), square (rectangular) end terminal, IPC_7351 nominal, (Body size source: IPC-SM-782 page 76, https://www.pcb-3d.com/wordpress/wp-content/uploads/ipc-sm-782a_amendment_1_and_2.pdf), generated with kicad-footprint-generator")
    (tags capacitor)
    (path /61274C44)
    (attr smd)
    (fp_text reference C15 (at -0.013 1.397 90) (layer B.SilkS)
      (effects (font (size 1 1) (thickness 0.15)) (justify mirror))
    )
    (fp_text value 0.1uF (at 0 -1.43 90) (layer B.Fab)
      (effects (font (size 1 1) (thickness 0.15)) (justify mirror))
    )
    (fp_line (start -0.8 -0.4) (end -0.8 0.4) (layer B.Fab) (width 0.1))
    (fp_line (start -0.8 0.4) (end 0.8 0.4) (layer B.Fab) (width 0.1))
    (fp_line (start 0.8 0.4) (end 0.8 -0.4) (layer B.Fab) (width 0.1))
    (fp_line (start 0.8 -0.4) (end -0.8 -0.4) (layer B.Fab) (width 0.1))
    (fp_line (start -0.14058 0.51) (end 0.14058 0.51) (layer B.SilkS) (width 0.12))
    (fp_line (start -0.14058 -0.51) (end 0.14058 -0.51) (layer B.SilkS) (width 0.12))
    (fp_line (start -1.48 -0.73) (end -1.48 0.73) (layer B.CrtYd) (width 0.05))
    (fp_line (start -1.48 0.73) (end 1.48 0.73) (layer B.CrtYd) (width 0.05))
    (fp_line (start 1.48 0.73) (end 1.48 -0.73) (layer B.CrtYd) (width 0.05))
    (fp_line (start 1.48 -0.73) (end -1.48 -0.73) (layer B.CrtYd) (width 0.05))
    (fp_text user %R (at 0 0 90) (layer B.Fab)
      (effects (font (size 0.4 0.4) (thickness 0.06)) (justify mirror))
    )
    (pad 2 smd roundrect (at 0.775 0 270) (size 0.9 0.95) (layers B.Cu B.Paste B.Mask) (roundrect_rratio 0.25)
      (net 35 GND))
    (pad 1 smd roundrect (at -0.775 0 270) (size 0.9 0.95) (layers B.Cu B.Paste B.Mask) (roundrect_rratio 0.25)
      (net 65 "Net-(C14-Pad1)"))
    (model ${KISYS3DMOD}/Capacitor_SMD.3dshapes/C_0603_1608Metric.wrl
      (at (xyz 0 0 0))
      (scale (xyz 1 1 1))
      (rotate (xyz 0 0 0))
    )
  )

  (module Capacitor_SMD:C_0603_1608Metric locked (layer B.Cu) (tedit 5F68FEEE) (tstamp 60E1A91C)
    (at 37.592 214.897 270)
    (descr "Capacitor SMD 0603 (1608 Metric), square (rectangular) end terminal, IPC_7351 nominal, (Body size source: IPC-SM-782 page 76, https://www.pcb-3d.com/wordpress/wp-content/uploads/ipc-sm-782a_amendment_1_and_2.pdf), generated with kicad-footprint-generator")
    (tags capacitor)
    (path /61274716)
    (attr smd)
    (fp_text reference C14 (at 2.273 1.016 180) (layer B.SilkS)
      (effects (font (size 1 1) (thickness 0.15)) (justify mirror))
    )
    (fp_text value 10uF (at 0 -1.43 90) (layer B.Fab)
      (effects (font (size 1 1) (thickness 0.15)) (justify mirror))
    )
    (fp_line (start -0.8 -0.4) (end -0.8 0.4) (layer B.Fab) (width 0.1))
    (fp_line (start -0.8 0.4) (end 0.8 0.4) (layer B.Fab) (width 0.1))
    (fp_line (start 0.8 0.4) (end 0.8 -0.4) (layer B.Fab) (width 0.1))
    (fp_line (start 0.8 -0.4) (end -0.8 -0.4) (layer B.Fab) (width 0.1))
    (fp_line (start -0.14058 0.51) (end 0.14058 0.51) (layer B.SilkS) (width 0.12))
    (fp_line (start -0.14058 -0.51) (end 0.14058 -0.51) (layer B.SilkS) (width 0.12))
    (fp_line (start -1.48 -0.73) (end -1.48 0.73) (layer B.CrtYd) (width 0.05))
    (fp_line (start -1.48 0.73) (end 1.48 0.73) (layer B.CrtYd) (width 0.05))
    (fp_line (start 1.48 0.73) (end 1.48 -0.73) (layer B.CrtYd) (width 0.05))
    (fp_line (start 1.48 -0.73) (end -1.48 -0.73) (layer B.CrtYd) (width 0.05))
    (fp_text user %R (at 0 0 90) (layer B.Fab)
      (effects (font (size 0.4 0.4) (thickness 0.06)) (justify mirror))
    )
    (pad 2 smd roundrect (at 0.775 0 270) (size 0.9 0.95) (layers B.Cu B.Paste B.Mask) (roundrect_rratio 0.25)
      (net 35 GND))
    (pad 1 smd roundrect (at -0.775 0 270) (size 0.9 0.95) (layers B.Cu B.Paste B.Mask) (roundrect_rratio 0.25)
      (net 65 "Net-(C14-Pad1)"))
    (model ${KISYS3DMOD}/Capacitor_SMD.3dshapes/C_0603_1608Metric.wrl
      (at (xyz 0 0 0))
      (scale (xyz 1 1 1))
      (rotate (xyz 0 0 0))
    )
  )

  (module Capacitor_SMD:C_0603_1608Metric locked (layer B.Cu) (tedit 5F68FEEE) (tstamp 60E1E448)
    (at 35.052 231.775 180)
    (descr "Capacitor SMD 0603 (1608 Metric), square (rectangular) end terminal, IPC_7351 nominal, (Body size source: IPC-SM-782 page 76, https://www.pcb-3d.com/wordpress/wp-content/uploads/ipc-sm-782a_amendment_1_and_2.pdf), generated with kicad-footprint-generator")
    (tags capacitor)
    (path /61122F48)
    (attr smd)
    (fp_text reference C13 (at -3.048 -0.127) (layer B.SilkS)
      (effects (font (size 1 1) (thickness 0.15)) (justify mirror))
    )
    (fp_text value 4.7uF (at 0 -1.43) (layer B.Fab)
      (effects (font (size 1 1) (thickness 0.15)) (justify mirror))
    )
    (fp_line (start -0.8 -0.4) (end -0.8 0.4) (layer B.Fab) (width 0.1))
    (fp_line (start -0.8 0.4) (end 0.8 0.4) (layer B.Fab) (width 0.1))
    (fp_line (start 0.8 0.4) (end 0.8 -0.4) (layer B.Fab) (width 0.1))
    (fp_line (start 0.8 -0.4) (end -0.8 -0.4) (layer B.Fab) (width 0.1))
    (fp_line (start -0.14058 0.51) (end 0.14058 0.51) (layer B.SilkS) (width 0.12))
    (fp_line (start -0.14058 -0.51) (end 0.14058 -0.51) (layer B.SilkS) (width 0.12))
    (fp_line (start -1.48 -0.73) (end -1.48 0.73) (layer B.CrtYd) (width 0.05))
    (fp_line (start -1.48 0.73) (end 1.48 0.73) (layer B.CrtYd) (width 0.05))
    (fp_line (start 1.48 0.73) (end 1.48 -0.73) (layer B.CrtYd) (width 0.05))
    (fp_line (start 1.48 -0.73) (end -1.48 -0.73) (layer B.CrtYd) (width 0.05))
    (fp_text user %R (at 0 0) (layer B.Fab)
      (effects (font (size 0.4 0.4) (thickness 0.06)) (justify mirror))
    )
    (pad 2 smd roundrect (at 0.775 0 180) (size 0.9 0.95) (layers B.Cu B.Paste B.Mask) (roundrect_rratio 0.25)
      (net 35 GND))
    (pad 1 smd roundrect (at -0.775 0 180) (size 0.9 0.95) (layers B.Cu B.Paste B.Mask) (roundrect_rratio 0.25)
      (net 64 "Net-(C13-Pad1)"))
    (model ${KISYS3DMOD}/Capacitor_SMD.3dshapes/C_0603_1608Metric.wrl
      (at (xyz 0 0 0))
      (scale (xyz 1 1 1))
      (rotate (xyz 0 0 0))
    )
  )

  (module Capacitor_SMD:C_0603_1608Metric locked (layer B.Cu) (tedit 5F68FEEE) (tstamp 60E18A64)
    (at 35.179 229.87 180)
    (descr "Capacitor SMD 0603 (1608 Metric), square (rectangular) end terminal, IPC_7351 nominal, (Body size source: IPC-SM-782 page 76, https://www.pcb-3d.com/wordpress/wp-content/uploads/ipc-sm-782a_amendment_1_and_2.pdf), generated with kicad-footprint-generator")
    (tags capacitor)
    (path /61123EB0)
    (attr smd)
    (fp_text reference C12 (at 0 1.43) (layer B.SilkS)
      (effects (font (size 1 1) (thickness 0.15)) (justify mirror))
    )
    (fp_text value 4.7uF (at 0 -1.43) (layer B.Fab)
      (effects (font (size 1 1) (thickness 0.15)) (justify mirror))
    )
    (fp_line (start -0.8 -0.4) (end -0.8 0.4) (layer B.Fab) (width 0.1))
    (fp_line (start -0.8 0.4) (end 0.8 0.4) (layer B.Fab) (width 0.1))
    (fp_line (start 0.8 0.4) (end 0.8 -0.4) (layer B.Fab) (width 0.1))
    (fp_line (start 0.8 -0.4) (end -0.8 -0.4) (layer B.Fab) (width 0.1))
    (fp_line (start -0.14058 0.51) (end 0.14058 0.51) (layer B.SilkS) (width 0.12))
    (fp_line (start -0.14058 -0.51) (end 0.14058 -0.51) (layer B.SilkS) (width 0.12))
    (fp_line (start -1.48 -0.73) (end -1.48 0.73) (layer B.CrtYd) (width 0.05))
    (fp_line (start -1.48 0.73) (end 1.48 0.73) (layer B.CrtYd) (width 0.05))
    (fp_line (start 1.48 0.73) (end 1.48 -0.73) (layer B.CrtYd) (width 0.05))
    (fp_line (start 1.48 -0.73) (end -1.48 -0.73) (layer B.CrtYd) (width 0.05))
    (fp_text user %R (at 0 0) (layer B.Fab)
      (effects (font (size 0.4 0.4) (thickness 0.06)) (justify mirror))
    )
    (pad 2 smd roundrect (at 0.775 0 180) (size 0.9 0.95) (layers B.Cu B.Paste B.Mask) (roundrect_rratio 0.25)
      (net 35 GND))
    (pad 1 smd roundrect (at -0.775 0 180) (size 0.9 0.95) (layers B.Cu B.Paste B.Mask) (roundrect_rratio 0.25)
      (net 63 "Net-(C12-Pad1)"))
    (model ${KISYS3DMOD}/Capacitor_SMD.3dshapes/C_0603_1608Metric.wrl
      (at (xyz 0 0 0))
      (scale (xyz 1 1 1))
      (rotate (xyz 0 0 0))
    )
  )

  (module Capacitor_SMD:C_0603_1608Metric locked (layer B.Cu) (tedit 5F68FEEE) (tstamp 60E18A53)
    (at 41.402 234.061 90)
    (descr "Capacitor SMD 0603 (1608 Metric), square (rectangular) end terminal, IPC_7351 nominal, (Body size source: IPC-SM-782 page 76, https://www.pcb-3d.com/wordpress/wp-content/uploads/ipc-sm-782a_amendment_1_and_2.pdf), generated with kicad-footprint-generator")
    (tags capacitor)
    (path /61007B02)
    (attr smd)
    (fp_text reference C11 (at -2.921 0.254 90) (layer B.SilkS)
      (effects (font (size 1 1) (thickness 0.15)) (justify mirror))
    )
    (fp_text value 4.7uF (at 0 -1.43 90) (layer B.Fab)
      (effects (font (size 1 1) (thickness 0.15)) (justify mirror))
    )
    (fp_line (start -0.8 -0.4) (end -0.8 0.4) (layer B.Fab) (width 0.1))
    (fp_line (start -0.8 0.4) (end 0.8 0.4) (layer B.Fab) (width 0.1))
    (fp_line (start 0.8 0.4) (end 0.8 -0.4) (layer B.Fab) (width 0.1))
    (fp_line (start 0.8 -0.4) (end -0.8 -0.4) (layer B.Fab) (width 0.1))
    (fp_line (start -0.14058 0.51) (end 0.14058 0.51) (layer B.SilkS) (width 0.12))
    (fp_line (start -0.14058 -0.51) (end 0.14058 -0.51) (layer B.SilkS) (width 0.12))
    (fp_line (start -1.48 -0.73) (end -1.48 0.73) (layer B.CrtYd) (width 0.05))
    (fp_line (start -1.48 0.73) (end 1.48 0.73) (layer B.CrtYd) (width 0.05))
    (fp_line (start 1.48 0.73) (end 1.48 -0.73) (layer B.CrtYd) (width 0.05))
    (fp_line (start 1.48 -0.73) (end -1.48 -0.73) (layer B.CrtYd) (width 0.05))
    (fp_text user %R (at 0 0 90) (layer B.Fab)
      (effects (font (size 0.4 0.4) (thickness 0.06)) (justify mirror))
    )
    (pad 2 smd roundrect (at 0.775 0 90) (size 0.9 0.95) (layers B.Cu B.Paste B.Mask) (roundrect_rratio 0.25)
      (net 61 GNDA))
    (pad 1 smd roundrect (at -0.775 0 90) (size 0.9 0.95) (layers B.Cu B.Paste B.Mask) (roundrect_rratio 0.25)
      (net 62 +3.3VA))
    (model ${KISYS3DMOD}/Capacitor_SMD.3dshapes/C_0603_1608Metric.wrl
      (at (xyz 0 0 0))
      (scale (xyz 1 1 1))
      (rotate (xyz 0 0 0))
    )
  )

  (module Capacitor_SMD:C_0603_1608Metric locked (layer B.Cu) (tedit 5F68FEEE) (tstamp 60E18A42)
    (at 39.878 234.061 90)
    (descr "Capacitor SMD 0603 (1608 Metric), square (rectangular) end terminal, IPC_7351 nominal, (Body size source: IPC-SM-782 page 76, https://www.pcb-3d.com/wordpress/wp-content/uploads/ipc-sm-782a_amendment_1_and_2.pdf), generated with kicad-footprint-generator")
    (tags capacitor)
    (path /61007B0C)
    (attr smd)
    (fp_text reference C10 (at -2.921 0.254 90) (layer B.SilkS)
      (effects (font (size 1 1) (thickness 0.15)) (justify mirror))
    )
    (fp_text value 4.7uF (at 0 -1.43 90) (layer B.Fab)
      (effects (font (size 1 1) (thickness 0.15)) (justify mirror))
    )
    (fp_line (start -0.8 -0.4) (end -0.8 0.4) (layer B.Fab) (width 0.1))
    (fp_line (start -0.8 0.4) (end 0.8 0.4) (layer B.Fab) (width 0.1))
    (fp_line (start 0.8 0.4) (end 0.8 -0.4) (layer B.Fab) (width 0.1))
    (fp_line (start 0.8 -0.4) (end -0.8 -0.4) (layer B.Fab) (width 0.1))
    (fp_line (start -0.14058 0.51) (end 0.14058 0.51) (layer B.SilkS) (width 0.12))
    (fp_line (start -0.14058 -0.51) (end 0.14058 -0.51) (layer B.SilkS) (width 0.12))
    (fp_line (start -1.48 -0.73) (end -1.48 0.73) (layer B.CrtYd) (width 0.05))
    (fp_line (start -1.48 0.73) (end 1.48 0.73) (layer B.CrtYd) (width 0.05))
    (fp_line (start 1.48 0.73) (end 1.48 -0.73) (layer B.CrtYd) (width 0.05))
    (fp_line (start 1.48 -0.73) (end -1.48 -0.73) (layer B.CrtYd) (width 0.05))
    (fp_text user %R (at 0 0 90) (layer B.Fab)
      (effects (font (size 0.4 0.4) (thickness 0.06)) (justify mirror))
    )
    (pad 2 smd roundrect (at 0.775 0 90) (size 0.9 0.95) (layers B.Cu B.Paste B.Mask) (roundrect_rratio 0.25)
      (net 61 GNDA))
    (pad 1 smd roundrect (at -0.775 0 90) (size 0.9 0.95) (layers B.Cu B.Paste B.Mask) (roundrect_rratio 0.25)
      (net 62 +3.3VA))
    (model ${KISYS3DMOD}/Capacitor_SMD.3dshapes/C_0603_1608Metric.wrl
      (at (xyz 0 0 0))
      (scale (xyz 1 1 1))
      (rotate (xyz 0 0 0))
    )
  )

  (module Capacitor_SMD:C_0603_1608Metric locked (layer B.Cu) (tedit 5F68FEEE) (tstamp 60E18A31)
    (at 43.434 234.074 270)
    (descr "Capacitor SMD 0603 (1608 Metric), square (rectangular) end terminal, IPC_7351 nominal, (Body size source: IPC-SM-782 page 76, https://www.pcb-3d.com/wordpress/wp-content/uploads/ipc-sm-782a_amendment_1_and_2.pdf), generated with kicad-footprint-generator")
    (tags capacitor)
    (path /60F0AE68)
    (attr smd)
    (fp_text reference C9 (at -1.156 -1.778 180) (layer B.SilkS)
      (effects (font (size 1 1) (thickness 0.15)) (justify mirror))
    )
    (fp_text value 10uF (at 0 -1.43 90) (layer B.Fab)
      (effects (font (size 1 1) (thickness 0.15)) (justify mirror))
    )
    (fp_line (start -0.8 -0.4) (end -0.8 0.4) (layer B.Fab) (width 0.1))
    (fp_line (start -0.8 0.4) (end 0.8 0.4) (layer B.Fab) (width 0.1))
    (fp_line (start 0.8 0.4) (end 0.8 -0.4) (layer B.Fab) (width 0.1))
    (fp_line (start 0.8 -0.4) (end -0.8 -0.4) (layer B.Fab) (width 0.1))
    (fp_line (start -0.14058 0.51) (end 0.14058 0.51) (layer B.SilkS) (width 0.12))
    (fp_line (start -0.14058 -0.51) (end 0.14058 -0.51) (layer B.SilkS) (width 0.12))
    (fp_line (start -1.48 -0.73) (end -1.48 0.73) (layer B.CrtYd) (width 0.05))
    (fp_line (start -1.48 0.73) (end 1.48 0.73) (layer B.CrtYd) (width 0.05))
    (fp_line (start 1.48 0.73) (end 1.48 -0.73) (layer B.CrtYd) (width 0.05))
    (fp_line (start 1.48 -0.73) (end -1.48 -0.73) (layer B.CrtYd) (width 0.05))
    (fp_text user %R (at 0 0 90) (layer B.Fab)
      (effects (font (size 0.4 0.4) (thickness 0.06)) (justify mirror))
    )
    (pad 2 smd roundrect (at 0.775 0 270) (size 0.9 0.95) (layers B.Cu B.Paste B.Mask) (roundrect_rratio 0.25)
      (net 59 "Net-(C9-Pad2)"))
    (pad 1 smd roundrect (at -0.775 0 270) (size 0.9 0.95) (layers B.Cu B.Paste B.Mask) (roundrect_rratio 0.25)
